<?xml version="1.0"?>
<opencv_storage>
<calibration_time>"Thu Aug 24 14:43:44 2023"</calibration_time>
<nr_of_frames>7</nr_of_frames>
<image_width>1280</image_width>
<image_height>720</image_height>
<board_width>22</board_width>
<board_height>17</board_height>
<square_size>8.</square_size>
<marker_size>25.</marker_size>
<!-- flags: +zero_tangent_dist +fix_k4 +fix_k5 -->
<flags>6152</flags>
<fisheye_model>0</fisheye_model>
<camera_matrix type_id="opencv-matrix">
  <rows>3</rows>
  <cols>3</cols>
  <dt>d</dt>
  <data>
    7.7988478514646113e+02 0. 6.2772790915248368e+02 0.
    7.7972873419108589e+02 3.6628491740621860e+02 0. 0. 1.</data></camera_matrix>
<distortion_coefficients type_id="opencv-matrix">
  <rows>5</rows>
  <cols>1</cols>
  <dt>d</dt>
  <data>
    -8.6430404416721049e-02 2.8911293057848514e-01 0. 0.
    -2.7163113324459931e-01</data></distortion_coefficients>
<avg_reprojection_error>3.3996047351886571e-01</avg_reprojection_error>
<per_view_reprojection_errors type_id="opencv-matrix">
  <rows>7</rows>
  <cols>1</cols>
  <dt>f</dt>
  <data>
    3.38254094e-01 3.12317282e-01 3.51958781e-01 3.62760186e-01
    4.05371815e-01 3.03578556e-01 2.91715235e-01</data></per_view_reprojection_errors>
<!-- a set of 6-tuples (rotation vector + translation vector) for each view -->
<extrinsic_parameters type_id="opencv-matrix">
  <rows>7</rows>
  <cols>6</cols>
  <dt>d</dt>
  <data>
    -6.4445922901609987e-01 -3.0285192676090499e-02
    -1.7468423979227436e-02 -7.9590113374691526e+01
    -6.2048534845602248e+01 1.9655986751032967e+02
    4.7481290202602117e-01 -5.6147908487880677e-02
    -2.6908971358476082e-02 -7.9629788264372294e+01
    -4.6214236538362250e+01 1.2555087690797197e+02
    4.5660053710584386e-01 -1.8105091355103201e-02
    -6.2619599597888674e-03 -8.5143022060881734e+01
    -4.8533156794694051e+01 1.2977787862504942e+02
    1.2492135041539741e-01 -3.1090133132646625e-01
    3.4282364342685695e-02 -1.1046702151502521e+02
    -6.1323133715128577e+01 1.5551993901848746e+02
    7.8740922784470563e-02 3.3231556587260019e-01
    -2.1162797409076870e-02 -3.6387196858237935e+01
    -6.0290388583264274e+01 2.1681733716519346e+02
    6.0761646659630637e-02 -2.8863767800317708e-01
    1.3976389252408303e-02 -6.8060981702865647e+01
    -6.2650753592607046e+01 1.5482330696602401e+02
    7.9372262933494503e-02 3.9782794266577548e-01 3.1573142368270149e-02
    -9.0729298434412016e+01 -7.0911592312068336e+01
    2.2516508345804959e+02</data></extrinsic_parameters>
<image_points type_id="opencv-matrix">
  <rows>7</rows>
  <cols>374</cols>
  <dt>"2f"</dt>
  <data>
    3.13752045e+02 1.21847214e+02 3.46118530e+02 1.22115082e+02
    3.78105133e+02 1.22520958e+02 4.09673737e+02 1.22656242e+02
    4.41380463e+02 1.22820267e+02 4.72815765e+02 1.22798088e+02
    5.04150665e+02 1.22907135e+02 5.35548340e+02 1.22725563e+02
    5.66860229e+02 1.22783112e+02 5.97999207e+02 1.23018555e+02
    6.29234009e+02 1.23100708e+02 6.59997375e+02 1.23265831e+02
    6.91066589e+02 1.23263359e+02 7.21816589e+02 1.23430504e+02
    7.52635925e+02 1.23599541e+02 7.83357483e+02 1.23642136e+02
    8.13739502e+02 1.23846573e+02 8.44453430e+02 1.24091148e+02
    8.74957153e+02 1.24325157e+02 9.05319214e+02 1.24257950e+02
    9.35693298e+02 1.24016144e+02 9.66016174e+02 1.24254852e+02
    3.06963501e+02 1.41506592e+02 3.39694794e+02 1.41919525e+02
    3.72326355e+02 1.41949341e+02 4.05252014e+02 1.42328903e+02
    4.37493347e+02 1.42279037e+02 4.69847229e+02 1.42469696e+02
    5.02044159e+02 1.42302643e+02 5.34243652e+02 1.42290482e+02
    5.66310730e+02 1.42239120e+02 5.98267883e+02 1.42346222e+02
    6.30082336e+02 1.42315842e+02 6.61871460e+02 1.42449448e+02
    6.93563477e+02 1.42522812e+02 7.25191711e+02 1.42705612e+02
    7.56639038e+02 1.43033936e+02 7.87987671e+02 1.43034103e+02
    8.19251282e+02 1.43198807e+02 8.50646729e+02 1.43298584e+02
    8.81828308e+02 1.43409973e+02 9.12749634e+02 1.43401505e+02
    9.43977051e+02 1.43358582e+02 9.75166260e+02 1.43339310e+02
    2.99530243e+02 1.62558929e+02 3.33335052e+02 1.62682236e+02
    3.67020355e+02 1.62670715e+02 4.00245300e+02 1.62696991e+02
    4.33503998e+02 1.62977371e+02 4.66623413e+02 1.62635757e+02
    4.99495056e+02 1.62740707e+02 5.32436462e+02 1.62691711e+02
    5.65470947e+02 1.62612793e+02 5.98186890e+02 1.62461273e+02
    6.30882568e+02 1.62479935e+02 6.63354370e+02 1.62588043e+02
    6.95946228e+02 1.62655106e+02 7.28429077e+02 1.62944839e+02
    7.60715515e+02 1.63264999e+02 7.92860718e+02 1.63352509e+02
    8.25044678e+02 1.63447098e+02 8.56954102e+02 1.63713287e+02
    8.88800293e+02 1.63586594e+02 9.20863281e+02 1.63811981e+02
    9.52860168e+02 1.63765823e+02 9.84648682e+02 1.63658295e+02
    2.91980347e+02 1.84370270e+02 3.26454315e+02 1.84347931e+02
    3.60943817e+02 1.84439072e+02 3.95220001e+02 1.84563568e+02
    4.29216766e+02 1.84431259e+02 4.63335938e+02 1.84541687e+02
    4.97112946e+02 1.84246445e+02 5.30677429e+02 1.84080414e+02
    5.64627075e+02 1.83987183e+02 5.98090393e+02 1.83828644e+02
    6.31834534e+02 1.83761780e+02 6.65498291e+02 1.83838913e+02
    6.98655273e+02 1.83996735e+02 7.32221741e+02 1.84190048e+02
    7.64939514e+02 1.84413879e+02 7.98155212e+02 1.84534729e+02
    8.30942688e+02 1.84859680e+02 8.63764709e+02 1.84829437e+02
    8.96613464e+02 1.84818680e+02 9.29295776e+02 1.84816391e+02
    9.61637451e+02 1.84772125e+02 9.94733398e+02 1.85131256e+02
    2.83607239e+02 2.07110275e+02 3.19234650e+02 2.07115234e+02
    3.54561981e+02 2.07302567e+02 3.89749786e+02 2.07389114e+02
    4.24749176e+02 2.07272995e+02 4.59417480e+02 2.06869354e+02
    4.94458282e+02 2.06790863e+02 5.29019653e+02 2.06810532e+02
    5.63615295e+02 2.06404144e+02 5.98349182e+02 2.06298599e+02
    6.32905457e+02 2.06353958e+02 6.67202881e+02 2.06319519e+02
    7.01750488e+02 2.06464371e+02 7.35619019e+02 2.06607834e+02
    7.69744324e+02 2.06729340e+02 8.03451050e+02 2.06894424e+02
    8.37354858e+02 2.07236404e+02 8.70755005e+02 2.07169052e+02
    9.04462891e+02 2.07401657e+02 9.37946350e+02 2.07272797e+02
    9.71516113e+02 2.07178360e+02 1.00494843e+03 2.07396683e+02
    2.75202484e+02 2.31257706e+02 3.11604279e+02 2.31440903e+02
    3.48125702e+02 2.31380157e+02 3.84207458e+02 2.31447479e+02
    4.19950226e+02 2.31315628e+02 4.55744507e+02 2.31192520e+02
    4.91436279e+02 2.30678680e+02 5.27150696e+02 2.30519196e+02
    5.62571777e+02 2.30289459e+02 5.98346497e+02 2.30090302e+02
    6.33966553e+02 2.29914490e+02 6.69555664e+02 2.29908981e+02
    7.04521179e+02 2.30071671e+02 7.39605164e+02 2.30210861e+02
    7.74593994e+02 2.30448242e+02 8.09447998e+02 2.30813248e+02
    8.43718872e+02 2.30834305e+02 8.78398499e+02 2.30665222e+02
    9.12643311e+02 2.31146332e+02 9.47389404e+02 2.30813675e+02
    9.81643433e+02 2.30751160e+02 1.01651001e+03 2.31088562e+02
    2.66003754e+02 2.56935608e+02 3.03563660e+02 2.57130310e+02
    3.41108521e+02 2.56940430e+02 3.78128967e+02 2.56889740e+02
    4.15092010e+02 2.56795990e+02 4.51626678e+02 2.56476288e+02
    4.88417419e+02 2.56115936e+02 5.25033386e+02 2.55730804e+02
    5.61591003e+02 2.55493042e+02 5.98226074e+02 2.55054550e+02
    6.35020081e+02 2.54913208e+02 6.71402832e+02 2.54919968e+02
    7.08033630e+02 2.55070587e+02 7.43922546e+02 2.55359039e+02
    7.79825134e+02 2.55371719e+02 8.15368286e+02 2.55422897e+02
    8.50921265e+02 2.55553085e+02 8.86210327e+02 2.55577301e+02
    9.21536743e+02 2.55693939e+02 9.56825867e+02 2.55674500e+02
    9.92549255e+02 2.55658218e+02 1.02772632e+03 2.55576538e+02
    2.56213440e+02 2.84418457e+02 2.94991455e+02 2.84238800e+02
    3.33613312e+02 2.84002075e+02 3.71813751e+02 2.83763092e+02
    4.09682404e+02 2.83554291e+02 4.47441376e+02 2.83165802e+02
    4.85133606e+02 2.83046936e+02 5.22891907e+02 2.82570435e+02
    5.60299744e+02 2.82200409e+02 5.98331909e+02 2.81767792e+02
    6.35897400e+02 2.81709869e+02 6.73857971e+02 2.81602936e+02
    7.11263977e+02 2.81685577e+02 7.48423828e+02 2.81725250e+02
